-1337.14423077 
-361.240907997 
-359.845224216 
-359.556911776 
-359.225942283 
-358.774564108 
-358.404344801 
-357.920274788 
-357.565195816 
-357.075136007 
-356.762722151 
-356.41264584 
-355.967771981 
-355.60648417 
-355.333901183 
-354.998865235 
-354.691717225 
-354.37722468 
-354.126931191 
-353.796589995 
-353.479366581 
-353.362659183 
-353.035139516 
-352.855449839 
-352.568262018 
-352.285854105 
-352.090226553 
-351.80476185 
-351.649222767 
-351.425251217 
-351.333592227 
-351.111460343 
-350.911816045 
-350.663965317 
-350.502933798 
-350.27545392 
-350.120472954 
-349.963378108 
-349.862691522 
-349.660386964 
-349.498184879 
-349.384075026 
-349.130580573 
-349.01018062 
-348.88007064 
-348.688838179 
-348.607309574 
-348.436136898 
-348.272728265 
-348.181902183 
-348.040568273 
-347.910002956 
-347.746962461 
