-32708.7195638 
-33443.4771049 
-32604.7801254 
-31168.6090014 
-31783.1363229 
-30269.2309686 
-30446.7197881 
-29278.6121269 
-29000.586975 
-28888.2492576 
-28830.6025258 
-28717.8269603 
-28935.2460965 
-29070.9546046 
-28748.9264427 
-28477.627828 
-28817.4900448 
-29961.837567 
-29529.9356997 
-29638.394975 
-29223.5967352 
-32708.7195638 
-32708.7195638 
-4554.08250548 
-4554.08250548 
-4065.18054051 
-4554.08250548 
-4554.08250548 
-4344.74196129 
-4685.49123827 
-8125.13008344 
-32708.7195638 
-34423.1729762 
-32843.070087 
-32036.501031 
-31382.218064 
-30937.5221059 
-30553.5379958 
-30729.8317206 
-30136.7012491 
-29345.6283206 
-29107.7665073 
-28823.1198356 
-28685.9856163 
-28547.8195256 
-28576.5993817 
-28551.5585432 
-28575.9070969 
-28782.9516336 
-28360.2950122 
-28245.7696 
-28298.8624693 
-30020.7613209 
-32708.7195638 
-34273.8020088 
-34654.2224887 
-34493.1932761 
-34425.0084147 
-34406.4064533 
-34211.5564332 
-34265.3681762 
-34284.7165938 
-34165.6413125 
-34146.6493662 
-34272.2606379 
-34347.5157474 
-34425.478516 
-34213.7398462 
-34239.3793299 
-34205.3563023 
-34217.3383845 
-34141.4193288 
-34157.8999698 
-34054.7586804 
